fix1 1 1.5 0.0 0
fix2 2 1.4947392888742566 0.12551676499847322 0
fix3 3 1.4789940556057575 0.25015312007415336 0
fix4 4 1.4528747416929466 0.3730348307472821 0
fix5 5 1.4165645553562216 0.49329997010787485 0
fix6 6 1.3703181864639014 0.6101049646137002 0
fix7 7 1.3144600200657954 0.7226305111525728 0
fix8 8 1.2493818610651493 0.8300873238650159 0
fix9 9 1.1755401859887598 0.9317216704174655 0
fix10 10 1.0934529411321172 1.0268206588930329 0
fix11 11 1.0036959095382874 1.1147172382160913 0
fix12 12 0.9068986722935624 1.1947948770362944 0
fix13 13 0.8037401924684952 1.2664918882530225 0
fix14 14 0.6949440526797926 1.3293053688468222 0
fix15 15 0.5812733796781546 1.3827947273827508 0
fix16 16 0.4635254915624212 1.4265847744427302 0
fix17 17 0.3425263051659838 1.4603683543097403 0
fix18 18 0.21912454284361782 1.4839084994444824 0
fix19 19 0.09418577929397029 1.4970400926424072 0
fix20 20 -0.03141362982503505 1.4996710252122682 0
fix21 21 -0.15679269490148 1.49178284305241 0
fix22 22 -0.28107197187858657 1.473430876093033 0
fix23 23 -0.40337973092289836 1.4447438501964873 0
fix24 24 -0.5228580709827225 1.4059229842378373 0
fix25 25 -0.6386689373476084 1.3572405786990296 0
fix26 26 -0.7499999999999997 1.299038105676658 0
fix27 27 -0.8560703515266475 1.2317238137005562 0
fix28 28 -0.9561359846230342 1.1557698641636842 0
fix29 29 -1.0494950107700478 1.0717090194492054 0
fix30 30 -1.1354925834776344 0.9801309059851584 0
fix31 31 -1.213525491562421 0.8816778784387098 0
fix32 32 -1.2830463902407596 0.7770405140596959 0
fix33 33 -1.343567640359119 0.6669527687773917 0
fix34 34 -1.394664728832377 0.5521868290270172 0
fix35 35 -1.4359792462981007 0.4335476954167082 0
fix36 36 -1.4672214011007083 0.3118675362266396 0
fix37 37 -1.4881720519717168 0.1879998503464568 0
fix38 38 -1.4986842451482876 0.06281348059379971 0
fix39 39 -1.4986842451482876 -0.06281348059379868 0
fix40 40 -1.4881720519717168 -0.18799985034645578 0
fix41 41 -1.4672214011007085 -0.3118675362266386 0
fix42 42 -1.4359792462981011 -0.4335476954167065 0
fix43 43 -1.3946647288323772 -0.5521868290270162 0
fix44 44 -1.3435676403591195 -0.6669527687773906 0
fix45 45 -1.2830463902407603 -0.777040514059695 0
fix46 46 -1.2135254915624216 -0.881677878438709 0
fix47 47 -1.135492583477635 -0.9801309059851575 0
fix48 48 -1.0494950107700485 -1.0717090194492047 0
fix49 49 -0.9561359846230353 -1.155769864163683 0
fix50 50 -0.8560703515266482 -1.2317238137005555 0
fix51 51 -0.7500000000000007 -1.2990381056766576 0
fix52 52 -0.6386689373476094 -1.3572405786990291 0
fix53 53 -0.5228580709827232 -1.4059229842378371 0
fix54 54 -0.4033797309228987 -1.444743850196487 0
fix55 55 -0.28107197187858823 -1.4734308760930328 0
fix56 56 -0.15679269490148134 -1.4917828430524098 0
fix57 57 -0.03141362982503643 -1.4996710252122682 0
fix58 58 0.09418577929396925 -1.4970400926424072 0
fix59 59 0.21912454284361682 -1.4839084994444824 0
fix60 60 0.34252630516598315 -1.4603683543097405 0
fix61 61 0.46352549156242084 -1.4265847744427305 0
fix62 62 0.5812733796781532 -1.3827947273827512 0
fix63 63 0.6949440526797914 -1.3293053688468226 0
fix64 64 0.8037401924684939 -1.2664918882530234 0
fix65 65 0.9068986722935616 -1.194794877036295 0
fix66 66 1.0036959095382867 -1.114717238216092 0
fix67 67 1.0934529411321168 -1.0268206588930333 0
fix68 68 1.1755401859887593 -0.931721670417466 0
fix69 69 1.2493818610651484 -0.8300873238650175 0
fix70 70 1.3144600200657948 -0.7226305111525742 0
fix71 71 1.370318186463901 -0.6101049646137013 0
fix72 72 1.4165645553562212 -0.49329997010787585 0
fix73 73 1.4528747416929464 -0.37303483074728305 0
fix74 74 1.4789940556057573 -0.2501531200741541 0
fix75 75 1.4947392888742563 -0.12551676499847375 0
